1623291649578658
1623291681885553
1623291698311533
1623291709764648
1623291721138379
1623291731794464
1623291738497308
1623291748774326
1623291759096694
1623291782562013
1623291793924114
1623291804245858
1623291815608021
1623291832695960
1623291843244526
1623291853704822
1623291888569639
1623292208086670
1623292230887092
1623292242211940
1623292258627154
1623292269977034
1623292280486300
1623292290899436
1623292301195489
1623292311645924
1623292321980872
1623292344532172
1623292354874359
1623292365205465
1623292386887781
1623292398562448
1623292408894564
1623292420281145
1623292444881096
1623292982858135
1623292990278661
1623293000650006
1623293012407204
1623293028871566
1623293039193890
1623293061914892
1623293072288160
1623293082582543
1623293093904724
1623293116405645
1623293126708520
1623293138856280
1623293149267003
1623293159624392
1623293181292147
1623293191545848
1623293217005201
1623293388913298
1623293400228620
1623293411609021
1623293429093601
1623293450679037
1623293462320636
1623293472669344
1623293484660801
1623293494978983
1623293517452884
1623293527778109
1623293539173783
1623293550520694
1623293561985408
1623293573343798
1623293584707193
1623293596041684
1623293621961071
1623296005816877
1623296016192943
1623296027553306
1623296037828426
1623296054293370
1623296075935396
1623296087262448
1623296098631975
1623296119446144
1623296141994789
1623296153342290
1623296185384792
1623296195800131
1623296206103545
1623296216450919
1623296240926581
1623296496400988
1623296506727857
1623296518033279
1623296529636800
1623296547185441
1623296557533861
1623296567969792
1623296578298800
1623296589645528
1623296600653081
1623296630474094
1623296638348684
1623296648781952
1623296659188529
1623296669526386
1623296680891088
1623296692325259
1623296702677623
1623296728488011
1623296906324532
1623296928193539
1623296951451634
1623296962884755
1623296974204879
1623296984872417
1623296992206567
1623297003859388
1623297014158731
1623297037760732
1623297049487792
1623297060942964
1623297071368640
1623297082731902
1623297093157128
1623297103602277
1623297113983273
1623297138497701
1623297548399645
1623297559968223
1623297567213886
1623297578527936
1623297595950326
1623297606318905
1623297617881001
1623297625170846
1623297637127375
1623297648559290
1623297658891415
1623297682524681
1623297689158935
1623297722946349
1623297730565217
1623297742252385
1623297752967317
1623297773690639
1623303209750894
1623303221986494
1623303232601951
1623303241314788
1623303258753566
1623303269120996
1623303280406648
1623303291096521
1623303297435455
1623303308984018
1623303316930298
1623303340376628
1623303350774217
1623303362387797
1623303373720911
1623303385009759
1623303396660523
1623303407696087
1623303415293949
1623303441105699
1623303538563100
1623303549931909
1623303560280295
1623303576781390
1623303588075252
1623303725901186
1623303737493697
1623303749067201
1623303756334314
1623303773771938
1623303785386573
1623303796915051
1623303803509291
1623303811177558
1623303821499294
1623303833088036
1623303857125700
1623303868412944
